 The Effective Stiffness Matrix
 --------------------------------------------
       1.0007733E+000     -5.1728912E-006      1.1965297E-021      4.3280994E-022      5.7734642E-019      6.9886276E-022
      -5.1728912E-006      1.9988185E+000     -1.5385876E-021      5.3108199E-020     -9.6123499E-022      1.7636472E-021
       1.1965297E-021     -1.5385876E-021      3.0000000E+000      6.6339133E-019     -1.8677848E-020      2.9924100E-034
       4.3280994E-022      5.3108199E-020      6.6339133E-019      2.2988952E-001      5.4671976E-022     -4.9859301E-020
       5.7734642E-019     -9.6123499E-022     -1.8677848E-020      5.4671976E-022      1.3008747E-001     -9.0980066E-022
       6.9886276E-022      1.7636472E-021      2.9924100E-034     -4.9859301E-020     -9.0980066E-022      1.2000000E-001

 The Effective Compliance Matrix
 --------------------------------------------
       9.9922732E-001      2.5859748E-006     -3.9853374E-022     -1.8818294E-021     -4.4347109E-018     -5.8193944E-021
       2.5859748E-006      5.0029556E-001      2.5658181E-022     -1.1557638E-019      3.6852788E-021     -7.3528887E-021
      -3.9853374E-022      2.5658181E-022      3.3333333E-001     -9.6189876E-019      4.7859715E-020     -8.3162431E-034
      -1.8818294E-021     -1.1557638E-019     -9.6189876E-019      4.3499156E+000     -1.8281429E-020      1.8073646E-018
      -4.4347109E-018      3.6852788E-021      4.7859715E-020     -1.8281429E-020      7.6871355E+000      5.8281341E-020
      -5.8193944E-021     -7.3528887E-021     -8.3162431E-034      1.8073646E-018      5.8281341E-020      8.3333333E+000

 The Engineering Constants (Approximated as Orthotropic)
 ----------------------------------------------------------
  E1  =       1.0007733E+000                                                                                                                                                                                                                                           
  E2  =       1.9988185E+000                                                                                                                                                                                                                                           
  E3  =       3.0000000E+000                                                                                                                                                                                                                                           
  G12 =       1.2000000E-001                                                                                                                                                                                                                                           
  G13 =       1.3008747E-001                                                                                                                                                                                                                                           
  G23 =       2.2988952E-001                                                                                                                                                                                                                                           
  nu12=      -2.5879745E-006                                                                                                                                                                                                                                           
  nu13=       3.9884192E-022                                                                                                                                                                                                                                           
  nu23=      -5.1286046E-022                                                                                                                                                                                                                                           


 Effective Density =       0.0000000E+000                                                                                                                                                                                                                                           
