 The Effective Stiffness Matrix
 --------------------------------------------
       3.4580484E+006     -1.3570225E+003      2.4501268E+004     -1.7486714E+005
      -1.3570225E+003      2.5284727E+001     -9.6151420E+000      6.8622166E+001
       2.4501268E+004     -9.6151420E+000      2.8078868E+002     -1.2389849E+003
      -1.7486714E+005      6.8622166E+001     -1.2389849E+003      8.9498957E+003

 The Effective Compliance Matrix
 --------------------------------------------
       2.4620642E-005      1.5852815E-005     -6.6096030E-005      4.7177773E-004
       1.5852815E-005      4.0400453E-002      9.3049966E-008     -1.2831202E-008
      -6.6096030E-005      9.3049966E-008      9.3292154E-003      8.1248202E-008
       4.7177773E-004     -1.2831202E-008      8.1248202E-008      9.3295529E-003

 Tension Center Location
 --------------------------------------------
       5.0568158E-002      7.0852837E-003

 The extension stiffness EA      -3.8780081E+005                                                                                                                                                                                                                                           
 The torsional stiffness GJ       2.4752198E+001                                                                                                                                                                                                                                           
 Principal bending stiffness EI22       1.0718606E+002                                                                                                                                                                                                                                           
 Principal bending stiffness EI33       1.0719036E+002                                                                                                                                                                                                                                           
 The principal bending axes rotated from the user coordinate system by    77.142940707264628      degrees about the positive direction of x1 axis.

 The Effective Timoshenko Stiffness Matrix (1-extension; 2,3-shear; 4-torsion; 5,6-bending)
 --------------------------------------------
       3.4580484E+006      5.6827849E+000      2.9025962E+000     -1.3569160E+003      2.4501281E+004     -1.7486713E+005
       5.6827849E+000      2.1024441E+005      5.8146277E-001     -1.4896514E+003      4.7929904E+002     -2.3349640E-001
       2.9025962E+000      5.8146277E-001      2.1023879E+005      1.0631381E+004      5.3076876E-003      4.7905428E+002
      -1.3569160E+003     -1.4896514E+003      1.0631381E+004      5.7344877E+002     -1.3010933E+001      9.2848704E+001
       2.4501281E+004      4.7929904E+002      5.3076876E-003     -1.3010933E+001      2.8188135E+002     -1.2389855E+003
      -1.7486713E+005     -2.3349640E-001      4.7905428E+002      9.2848704E+001     -1.2389855E+003      8.9509872E+003

 The Effective Timoshenko Compliance Matrix (1-extension; 2,3-shear; 4-torsion; 5,6-bending)
 --------------------------------------------
       2.4620642E-005      2.6286677E-007     -1.8769881E-006      1.5852815E-005     -6.6096030E-005      4.7177773E-004
       2.6286677E-007      6.8330979E-006     -1.4475426E-005      2.8625563E-004     -2.1265583E-005     -2.6078514E-009
      -1.8769881E-006     -1.4475426E-005      1.0811447E-004     -2.0429760E-003     -4.1546721E-009     -2.1264368E-005
       1.5852815E-005      2.8625563E-004     -2.0429760E-003      4.0400453E-002      9.3049966E-008     -1.2831202E-008
      -6.6096030E-005     -2.1265583E-005     -4.1546721E-009      9.3049966E-008      9.3292154E-003      8.1248202E-008
       4.7177773E-004     -2.6078514E-009     -2.1264368E-005     -1.2831202E-008      8.1248202E-008      9.3295529E-003

 Shear Center Location
 --------------------------------------------
       5.0568145E-002      7.0854561E-003

 Principal shear stiffness GA22       2.0811800E+005                                                                                                                                                                                                                                           
 Principal shear stiffness GA33       2.0812324E+005                                                                                                                                                                                                                                           
 The principal shear axes rotated from the user coordinate system by    94.323035086199184      degrees about the positive direction of x1 axis.

 Effective Mass Matrix =
 --------------------------------------------
       5.4077320E-002      0.0000000E+000      0.0000000E+000      0.0000000E+000      3.8315832E-004     -2.7345874E-003
       0.0000000E+000      5.4077320E-002      0.0000000E+000     -3.8315832E-004      0.0000000E+000      0.0000000E+000
       0.0000000E+000      0.0000000E+000      5.4077320E-002      2.7345874E-003      0.0000000E+000      0.0000000E+000
       0.0000000E+000     -3.8315832E-004      2.7345874E-003      1.4442276E-004      0.0000000E+000      0.0000000E+000
       3.8315832E-004      0.0000000E+000      0.0000000E+000      0.0000000E+000      4.4273444E-006     -1.9375588E-005
      -2.7345874E-003      0.0000000E+000      0.0000000E+000      0.0000000E+000     -1.9375588E-005      1.3999541E-004

 Mass Center Location
 --------------------------------------------
       5.0568101E-002      7.0853791E-003

 Mass per unit span       5.4077320E-002                                                                                                                                                                                                                                           
 Mass moment of inertia i11       3.4250449E-006                                                                                                                                                                                                                                           
 Mass moments of inertia  i22       1.7125224E-006                                                                                                                                                                                                                                           
 Mass moments of inertia  i33       1.7125225E-006                                                                                                                                                                                                                                           
 The principal inertial axes rotated from the user coordinate system by    63.079756027134785      degrees about the positive direction of x1 axis.
 Mass-Weighted Radius of Gyration       7.9583961E-003                                                                                                                                                                                                                                           
